index,learning rate,hidden layers,input layer nodes,hidden layer nodes,activation function,batch size,adam learning rate decay,dropout rate,accuracy,time (seconds)
55,0.0015682573242838855,1,376,1,tanh,169,0.0010719948070015738,0.0,79.411766,4.12
51,0.00107090820729852,1,296,184,elu,80,0.005851408976628674,0.0,78.82353,3.02
50,0.0015962030375998692,1,512,197,selu,85,0.008593793807295984,0.0,77.64706,1.96
19,0.000851615991865342,1,512,276,elu,92,0.0011997119436403267,0.0,77.64706,2.62
59,0.01,1,404,151,selu,30,0.003914991773285699,0.0,77.64706,2.64
39,0.0011083718819222693,5,429,213,elu,118,0.008659440008646971,0.16335451344608853,77.64706,4.24
72,0.0012433908776343806,1,467,1,elu,23,0.005571171881841255,0.0,77.05882,9.25
71,0.0012773650512675264,1,13,1,selu,1,0.003370507579759396,0.0,77.05882,78.96
66,0.0033784718832023126,1,467,505,elu,17,1e-06,0.0,77.05882,3.61
65,0.0008394535583756021,1,427,283,tanh,90,0.007319253772335184,0.0,77.05882,2.69
64,0.0007696949130129154,1,400,304,elu,103,0.01,0.0,77.05882,2.72
63,0.0006323937312074441,5,397,180,elu,88,0.01,0.0,77.05882,3.91
24,0.01,2,115,121,elu,132,0.00296919685830653,0.046246976578524446,77.05882,4.09
47,0.001205049636689187,5,259,153,elu,99,0.008126871921933771,0.0,77.05882,4.22
74,0.01,1,257,293,sigmoid,1,0.0013820916893387712,0.0,76.47059,9.45
11,0.0014628678788834375,1,419,512,tanh,256,0.01,0.0,76.47059,2.53
57,0.0013591486732873754,1,462,1,tanh,201,0.004930699141797923,0.0,76.47059,4.39
10,0.007347896891855167,3,277,275,elu,76,0.003821350222588996,0.029606616912590485,76.47059,3.88
44,0.00146168565931339,1,263,330,tanh,256,0.01,0.007900851194232724,75.882355,3.92
69,0.0010187339519421156,3,335,273,elu,44,1e-06,0.0,75.882355,2.93
35,0.00010713551607634313,1,455,76,elu,102,1e-06,0.059255342659197546,75.882355,5.75
32,0.0002667130415811438,1,512,190,selu,104,0.008420044149921374,0.0,75.882355,5.82
0,0.001,1,512,13,relu,64,0.001,0.1,75.882355,5.22
5,0.00013285319946545947,4,468,191,selu,148,0.008047773223850462,0.13438077172666887,75.882355,3.97
23,0.0006699685144606524,1,443,172,relu,80,1e-06,0.24056186424793008,75.29412,3.14
30,0.0001,2,73,121,elu,94,1e-06,0.2690683879946106,75.29412,6.79
52,0.004129882062115605,1,498,1,tanh,108,0.0014090806247044592,0.0,75.29412,2.55
36,0.00635398036178796,1,512,78,elu,90,1e-06,0.0,75.29412,2.5
13,0.0001,1,344,512,tanh,256,0.01,0.07830412529299614,75.29412,5.37
14,0.0062726250356618185,1,512,332,relu,69,0.01,0.0,74.70588,1.76
22,0.006684528989669658,1,420,94,selu,79,1e-06,0.3344019884071246,74.70588,2.74
28,0.0001,3,470,134,elu,256,1e-06,0.0,74.70588,6.31
26,0.0001,1,409,93,elu,232,1e-06,0.013050222350996314,74.117645,5.2
16,0.01,1,1,512,relu,1,0.009351452369040046,0.0,73.52941,75.16
25,0.01,2,510,189,elu,34,0.01,0.11240422327245453,73.52941,3.88
15,0.01,2,374,1,tanh,256,0.005801114323264216,0.0,73.52941,2.64
40,0.008369741553391149,1,358,1,tanh,256,0.01,0.09226762908616166,72.35294,2.72
7,0.006610650739992166,5,353,47,selu,50,0.006351733429385334,0.18710408603847498,71.76471,3.69
60,0.007007722235335221,1,512,193,elu,76,0.009121465418066138,0.0,71.76471,2.49
54,0.00994637356570836,1,494,512,tanh,54,0.007722493262864172,0.0,71.17647,2.62
27,0.0001,1,369,356,selu,1,0.01,0.5,71.17647,45.53
9,0.0012588638912365458,2,359,289,sigmoid,13,0.00796213758857612,0.03338075357869292,70.588234,5.37
49,0.0003007430296479232,5,190,512,tanh,1,0.0072038237287223575,0.5,70.588234,31.66
42,0.00042047178581103674,1,40,1,elu,256,0.004156440822652849,0.16018147477849012,70.0,4.5
33,0.00041118728275492465,1,142,172,sigmoid,104,0.00477759903434392,0.0,68.2353,5.29
34,0.01,1,476,42,selu,118,1e-06,0.0,68.2353,2.54
41,0.01,4,512,1,tanh,256,1e-06,0.0,68.2353,4.15
56,0.0028075683439064965,1,91,1,tanh,156,0.006196493273054943,0.5,68.2353,2.46
29,0.0001,3,488,131,relu,1,0.006315808667901038,0.13046254336970592,67.64706,110.78
73,0.0010259480392897221,1,512,1,elu,16,0.0057305224171105345,0.5,67.64706,3.77
3,0.0003793438704999249,3,30,181,tanh,177,0.0008326899570410879,0.1864893827784637,67.64706,3.11
45,0.002285660456490783,5,230,227,selu,106,0.008245450959328916,0.09857913939660415,67.05882,4.05
17,0.01,2,512,1,tanh,2,0.01,0.0,66.47059,6.4
12,0.0001,5,512,1,selu,233,1e-06,0.0,66.47059,5.11
46,0.0001,5,485,78,elu,157,0.008545176527415762,0.09879477642791669,66.47059,4.02
8,0.005476902298065938,3,65,472,selu,127,0.0056444058761839205,0.34727479327285393,65.882355,4.01
61,0.0027380351938244823,3,184,127,elu,98,1e-06,0.15572173649967075,65.29411,2.88
68,0.00019935486112518497,1,512,200,selu,124,0.01,0.1791890800136315,65.29411,2.67
67,0.00021776228104311888,1,189,319,selu,120,0.01,0.0,65.29411,2.63
62,0.0001,1,84,1,tanh,92,0.0005433888040402853,0.0,64.70589,5.86
4,0.006147849323282172,4,88,377,elu,35,0.0037471589426361705,0.2366185918937404,64.70589,3.97
70,0.0003388740357511151,1,420,20,tanh,163,1e-06,0.0,64.70589,2.15
58,0.0012000365919366907,5,370,65,selu,152,0.00712417076072895,0.5,64.117645,3.9
53,0.006812729653910034,5,152,1,tanh,90,0.009840444382081625,0.5,61.764706,5.29
18,0.01,1,240,1,relu,151,0.01,0.0,61.764706,2.25
48,0.0008080374693477582,5,1,106,tanh,256,0.001387604158033836,0.29927736734397314,61.17647,3.54
2,0.004256784881522945,4,328,376,sigmoid,127,0.003309780136123361,0.4804140645296478,61.17647,3.93
6,0.0007926226079527962,1,297,376,sigmoid,43,0.007820508283688592,0.4089358552143528,61.17647,3.35
38,0.01,4,1,77,sigmoid,256,0.002571661109255143,0.2647982171882841,61.17647,3.29
1,0.0001649204538963357,2,62,454,sigmoid,115,0.0027110117241309125,0.031303815323180946,61.17647,3.28
20,0.01,5,512,512,elu,95,0.01,0.0,61.17647,4.04
37,0.01,5,512,512,tanh,173,0.008346990078498694,0.2117303417675848,60.000004,5.09
31,0.01,3,441,386,elu,156,0.0077034089818688875,0.0,54.705883,4.28
21,0.001782897511731393,2,512,237,selu,228,0.005046937037443909,0.0,51.76471,2.42
43,0.00017550115259282046,4,208,512,sigmoid,256,1e-06,0.3606050194184206,38.82353,3.79
